------------ Date: Mon Dec 16 09:28:29 CET 2013, Time frequency: 0,013333 -----------------
85
85
86
86
86
86
87
88
90
94
108
116
125
132
137
139
138
136
132
127
123
118
114
111
108
105
103
101
99
99
99
99
100
101
103
103
102
101
100
99
97
96
95
94
93
92
90
89
88
88
87
87
87
87
87
87
87
88
88
88
89
89
90
90
90
90
90
89
89
89
89
89
89
89
91
96
102
110
120
129
136
140
141
138
134
130
125
121
117
114
111
108
106
104
102
100
100
99
100
101
102
102
103
102
101
99
96
95
94
92
91
90
89
88
87
87
86
86
86
85
85
85
85
85
85
85
86
86
86
86
86
87
87
87
88
88
88
88
87
87
87
87
88
91
96
103
111
121
130
137
142
144
144
142
133
128
124
119
115
112
110
107
105
103
101
100
100
101
102
103
103
104
104
103
102
101
100
99
96
94
93
91
90
89
88
87
86
86
86
86
85
85
85
85
85
85
85
85
85
85
86
85
85
85
85
85
84
84
84
84
84
84
86
90
96
104
113
122
130
136
138
139
137
134
130
125
116
112
108
105
103
101
99
98
98
98
98
99
100
101
102
102
102
101
100
99
98
97
96
94
91
89
88
87
86
86
86
86
85
85
85
85
86
86
87
87
88
88
88
88
88
87
87
86
86
86
88
92
98
106
114
122
129
133
135
135
133
130
126
122
118
114
110
107
104
102
100
99
97
98
98
99
100
101
102
102
102
102
101
100
99
97
96
95
94
93
91
90
89
88
87
86
85
85
85
85
85
85
85
85
85
85
85
85
85
86
88
93
100
108
117
125
131
135
137
137
131
127
123
119
115
112
109
107
104
103
101
100
99
99
100
100
101
102
102
102
102
101
100
99
96
95
94
93
92
91
91
90
89
89
88
88
88
88
89
89
89
89
89
89
90
90
90
91
93
96
100
107
116
125
134
140
144
146
145
142
139
135
130
126
123
119
117
114
112
110
108
106
104
103
104
104
104
104
104
103
101
100
98
96
94
93
91
90
89
88
87
86
85
85
84
84
83
82
82
82
83
83
83
83
83
83
83
83
84
85
87
91
98
106
115
123
130
134
135
134
128
123
119
115
112
109
106
104
102
99
98
96
96
95
96
97
97
98
98
97
97
95
94
92
89
88
87
85
84
83
82
82
81
81
81
82
82
82
82
83
83
84
84
85
86
86
87
87
86
87
87
90
94
100
108
116
124
130
134
136
135
132
129
125
120
116
112
109
105
102
100
97
95
94
94
94
95
95
96
96
96
96
95
94
93
92
91
90
88
87
87
86
85
85
85
85
85
85
85
85
85
85
85
85
85
85
85
85
85
85
87
89
93
99
105
112
119
123
126
126
122
119
115
112
109
106
103
101
98
96
95
94
94
94
95
96
97
97
98
98
97
97
96
95
93
91
90
89
88
88
88
87
87
87
87
87
87
87
87
87
87
87
87
87
87
89
91
95
107
114
120
124
127
128
127
125
122
119
116
113
111
108
105
102
99
96
95
94
94
94
95
95
97
97
97
97
97
96
96
95
94
93
93
92
91
91
91
91
92
92
91
91
91
91
91
91
92
92
93
94
95
97
99
102
106
108
111
113
114
116
117
118
118
118
118
118
117
116
114
112
108
106
104
103
102
102
102
101
101
100
99
97
96
94
92
91
